0  222.335  130  480
1  -222.335  130  480
2  222.335  0  480
3  -222.335  0  480
4  222.335  -130  480
5  -222.335  -130  480
6  208.465  170  465
7  -208.465  170  465
8  208.465  90  465
9  -208.465  90  465
10  208.465  40  465
11  -208.465  40  465
12  208.465  -40  465
13  -208.465  -40  465
14  208.465  -90  465
15  -208.465  -90  465
16  208.465  -170  465
17  -208.465  -170  465
18  222.335  130  450
19  -222.335  130  450
20  222.335  0  450
21  -222.335  0  450
22  222.335  -130  450
23  -222.335  -130  450
24  208.465  170  435
25  -208.465  170  435
26  208.465  130  435
27  -208.465  130  435
28  208.465  40  435
29  -208.465  40  435
30  208.465  0  435
31  -208.465  0  435
32  208.465  -90  435
33  -208.465  -90  435
34  208.465  -130  435
35  -208.465  -130  435
36  222.335  130  420
37  -222.335  130  420
38  222.335  0  420
39  -222.335  0  420
40  222.335  -130  420
41  -222.335  -130  420
42  208.465  170  405
43  -208.465  170  405
44  208.465  90  405
45  -208.465  90  405
46  208.465  40  405
47  -208.465  40  405
48  208.465  -40  405
49  -208.465  -40  405
50  208.465  -90  405
51  -208.465  -90  405
52  208.465  -170  405
53  -208.465  -170  405
54  222.335  130  390
55  -222.335  130  390
56  222.335  0  390
57  -222.335  0  390
58  222.335  -130  390
59  -222.335  -130  390
60  222.335  130  360
61  -222.335  130  360
62  222.335  0  360
63  -222.335  0  360
64  222.335  -130  360
65  -222.335  -130  360
66  208.465  170  345
67  -208.465  170  345
68  208.465  90  345
69  -208.465  90  345
70  208.465  40  345
71  -208.465  40  345
72  221.795  4.6  345
73  -221.795  4.6  345
74  221.795  -4.6  345
75  -221.795  -4.6  345
76  208.465  -40  345
77  -208.465  -40  345
78  208.465  -90  345
79  -208.465  -90  345
80  208.465  -170  345
81  -208.465  -170  345
82  222.335  130  330
83  -222.335  130  330
84  222.335  0  330
85  -222.335  0  330
86  222.335  -130  330
87  -222.335  -130  330
88  208.465  170  315
89  -208.465  170  315
90  208.465  130  315
91  -208.465  130  315
92  208.465  40  315
93  -208.465  40  315
94  208.465  0  315
95  -208.465  0  315
96  208.465  -90  315
97  -208.465  -90  315
98  208.465  -130  315
99  -208.465  -130  315
100  222.335  130  300
101  -222.335  130  300
102  222.335  0  300
103  -222.335  0  300
104  222.335  -130  300
105  -222.335  -130  300
106  208.465  170  285
107  -208.465  170  285
108  221.795  134.6  285
109  -221.795  134.6  285
110  221.795  125.4  285
111  -221.795  125.4  285
112  208.465  90  285
113  -208.465  90  285
114  208.465  40  285
115  -208.465  40  285
116  221.795  4.6  285
117  -221.795  4.6  285
118  221.795  -4.6  285
119  -221.795  -4.6  285
120  208.465  -40  285
121  -208.465  -40  285
122  208.465  -90  285
123  -208.465  -90  285
124  221.795  -125.4  285
125  -221.795  -125.4  285
126  221.795  -134.6  285
127  -221.795  -134.6  285
128  208.465  -170  285
129  -208.465  -170  285
130  222.335  130  270
131  -222.335  130  270
132  222.335  0  270
133  -222.335  0  270
134  222.335  -130  270
135  -222.335  -130  270
136  222.335  130  230
137  -222.335  130  230
138  222.335  0  230
139  -222.335  0  230
140  222.335  -130  230
141  -222.335  -130  230
142  208.465  170  215
143  -208.465  170  215
144  221.795  134.6  215
145  -221.795  134.6  215
146  221.795  125.4  215
147  -221.795  125.4  215
148  208.465  90  215
149  -208.465  90  215
150  208.465  40  215
151  -208.465  40  215
152  221.795  4.6  215
153  -221.795  4.6  215
154  221.795  -4.6  215
155  -221.795  -4.6  215
156  208.465  -40  215
157  -208.465  -40  215
158  208.465  -90  215
159  -208.465  -90  215
160  221.795  -125.4  215
161  -221.795  -125.4  215
162  221.795  -134.6  215
163  -221.795  -134.6  215
164  208.465  -170  215
165  -208.465  -170  215
166  222.335  130  200
167  -222.335  130  200
168  222.335  0  200
169  -222.335  0  200
170  222.335  -130  200
171  -222.335  -130  200
172  208.465  170  185
173  -208.465  170  185
174  208.465  130  185
175  -208.465  130  185
176  208.465  40  185
177  -208.465  40  185
178  208.465  0  185
179  -208.465  0  185
180  208.465  -90  185
181  -208.465  -90  185
182  208.465  -130  185
183  -208.465  -130  185
184  222.335  130  170
185  -222.335  130  170
186  222.335  0  170
187  -222.335  0  170
188  222.335  -130  170
189  -222.335  -130  170
190  208.465  170  155
191  -208.465  170  155
192  208.465  90  155
193  -208.465  90  155
194  208.465  40  155
195  -208.465  40  155
196  221.795  4.6  155
197  -221.795  4.6  155
198  221.795  -4.6  155
199  -221.795  -4.6  155
200  208.465  -40  155
201  -208.465  -40  155
202  208.465  -90  155
203  -208.465  -90  155
204  208.465  -170  155
205  -208.465  -170  155
206  222.335  130  140
207  -222.335  130  140
208  222.335  0  140
209  -222.335  0  140
210  222.335  -130  140
211  -222.335  -130  140
212  222.335  130  110
213  -222.335  130  110
214  222.335  0  110
215  -222.335  0  110
216  222.335  -130  110
217  -222.335  -130  110
218  208.465  170  95
219  -208.465  170  95
220  208.465  90  95
221  -208.465  90  95
222  208.465  40  95
223  -208.465  40  95
224  208.465  -40  95
225  -208.465  -40  95
226  208.465  -90  95
227  -208.465  -90  95
228  208.465  -170  95
229  -208.465  -170  95
230  222.335  130  80
231  -222.335  130  80
232  222.335  0  80
233  -222.335  0  80
234  222.335  -130  80
235  -222.335  -130  80
236  208.465  170  65
237  -208.465  170  65
238  208.465  130  65
239  -208.465  130  65
240  208.465  40  65
241  -208.465  40  65
242  208.465  0  65
243  -208.465  0  65
244  208.465  -90  65
245  -208.465  -90  65
246  208.465  -130  65
247  -208.465  -130  65
248  222.335  130  50
249  -222.335  130  50
250  222.335  0  50
251  -222.335  0  50
252  222.335  -130  50
253  -222.335  -130  50
254  208.465  170  35
255  -208.465  170  35
256  208.465  90  35
257  -208.465  90  35
258  208.465  40  35
259  -208.465  40  35
260  208.465  -40  35
261  -208.465  -40  35
262  208.465  -90  35
263  -208.465  -90  35
264  208.465  -170  35
265  -208.465  -170  35
266  222.335  130  20
267  -222.335  130  20
268  222.335  0  20
269  -222.335  0  20
270  222.335  -130  20
271  -222.335  -130  20
